773	1369
809	1359
629	1386
1187	1370
1224	1303
1241	1258
1205	1249
1214	1196
1113	1153
1044	1231
1102	1042
1058	1081
1139	1028
1172	1026
1256	910
1143	993
1489	1310
1457	1329
1410	1301
1469	1273
1515	1284
1426	1257
1444	1169
1426	1139
1407	1103
1441	1104
1433	1067
1407	1049
1437	1029
1466	1005
1477	973
1426	969
1342	1039
1377	998
1397	1022
1415	1002
1307	1036
1313	1107
1369	1180
1377	1142
1346	1127
1509	1107
1498	33
1506	65
1528	95
1447	49
1438	13
1438	83
1441	109
1390	86
1375	54
1331	54
1266	14
1390	129
1343	119
1312	102
1299	128
1300	161
1323	188
1369	161
1395	171
1433	217
1459	250
1453	304
1436	345
1423	393
1381	383
1377	419
1333	429
1365	448
1355	476
1315	509
1292	557
1260	524
1256	498
1253	463
1240	423
1263	391
1318	331
1354	309
1402	265
1378	234
1325	220
1318	247
1286	281
1284	318
1248	296
1234	259
1191	232
1260	197
1202	170
1250	112
1210	86
1175	70
1225	23
1188	20
1151	13
1122	24
1132	54
1132	88
1142	114
1142	142
1149	177
1139	213
1084	52
1081	18
1037	29
1048	49
978	29
965	62
994	106
1001	80
924	14
939	49
909	54
834	11
824	37
793	14
749	17
750	54
772	72
701	59
661	47
655	14
681	10
608	18
575	53
543	39
504	31
455	52
412	57
432	39
1253	340
1197	345
1185	374
1171	406
1175	436
1192	458
1189	540
1188	597
1240	589
1266	573
1246	623
1237	658
1211	640
1273	646
1240	692
1182	701
1191	728
1175	777
1162	642
1132	622
1103	593
1067	561
1094	557
1077	504
1149	446
1103	409
1104	373
1084	345
1133	345
1140	282
1178	263
1192	296
1117	250
1067	245
1037	234
1044	260
998	230
1054	193
1116	171
1074	150
1027	145
1002	183
973	200
979	138
939	134
906	141
887	106
884	124
870	170
838	152
805	128
804	95
827	85
924	223
979	282
1004	266
1022	299
1038	348
1047	425
992	401
989	373
975	340
946	328
923	314
861	311
881	328
904	348
910	367
1079	610
1097	671
1110	715
1045	636
1009	586
1038	568
1008	548
975	592
959	551
955	520
978	486
1008	453
1028	473
924	419
923	458
912	476
883	422
868	394
837	446
863	479
1068	715
1081	747
1099	777
1168	803
1117	828
1102	855
1064	895
1021	926
984	928
999	881
1056	865
1001	826
1034	806
1048	779
1038	728
1024	694
1004	668
994	635
948	668
926	638
880	653
880	688
903	707
968	711
942	734
900	746
913	774
946	771
973	793
1007	754
936	809
919	843
888	858
878	882
917	884
956	862
953	907
937	933
906	964
929	979
960	1006
986	970
929	1029
900	1003
853	1016
834	1032
809	1055
789	1085
765	1114
832	1095
867	1067
894	1055
720	1152
664	1169
629	1206
599	1177
588	1218
550	1229
485	1229
459	1258
409	1242
390	1267
353	1285
287	1294
287	1262
256	1306
213	1300
88	1304
55	1336
69	1273
899	579
893	551
890	532
853	540
825	535
783	556
763	518
815	479
824	507
802	417
838	370
812	386
817	340
769	315
763	351
745	384
762	401
740	430
733	458
713	482
762	484
785	993
854	970
853	940
881	926
838	892
762	879
778	843
766	800
815	813
855	813
828	793
844	759
840	711
778	691
795	717
785	750
792	646
723	658
736	743
710	707
684	718
678	681
698	773
720	823
709	846
711	890
733	921
775	910
786	950
719	964
713	1005
753	1000
763	1042
733	1058
703	1035
657	1022
671	1081
622	1107
580	1123
350	1221
313	1222
256	1226
213	1219
174	1235
153	1245
148	1201
235	1193
262	1185
279	1154
314	1176
363	1186
408	1180
400	1136
400	1101
439	1103
436	1139
521	1084
484	1106
575	1015
592	992
657	954
662	990
32	1261
9	1261
9	1211
32	1186
4	1160
13	1129
64	1149
350	1104
305	1068
269	1091
379	1062
376	1029
423	1062
438	1034
434	1002
529	985
478	959
506	946
527	927
575	937
588	894
570	859
637	855
652	894
670	862
675	815
645	836
616	807
616	782
668	780
130	1118
136	1084
173	1090
163	1139
220	1087
228	1118
210	1064
249	1062
220	1031
166	1031
150	1052
128	1019
91	1000
92	1029
88	1065
45	1075
55	1002
20	993
66	940
76	974
128	969
134	921
111	884
71	874
140	872
160	897
179	871
209	869
246	875
249	907
243	933
246	964
203	966
190	999
279	976
284	950
301	936
341	928
356	962
398	921
416	890
308	897
301	862
268	861
183	839
160	851
118	846
107	812
53	820
71	790
58	770
68	735
102	743
117	730
120	774
143	773
182	786
235	786
265	783
243	815
223	766
195	747
163	744
187	723
197	688
174	687
131	702
110	692
75	685
38	668
17	829
17	776
12	734
462	913
472	872
521	871
542	823
523	782
500	810
573	767
562	730
590	718
622	694
625	652
588	640
569	688
529	718
529	691
523	669
533	651
464	715
431	705
409	735
415	767
461	790
399	841
331	790
341	763
314	737
354	714
315	707
291	678
362	642
258	717
523	619
553	606
537	583
531	558
552	540
567	553
603	584
612	617
685	656
680	607
641	609
665	586
685	551
717	558
745	563
729	596
668	496
668	456
626	481
634	512
624	547
589	504
585	478
578	527
524	518
501	534
484	547
442	661
399	666
380	694
330	669
324	625
357	616
382	592
416	570
445	607
457	563
431	541
235	640
258	659
281	609
291	580
241	573
279	553
120	651
94	616
79	596
52	584
56	564
100	570
141	557
138	584
157	603
121	612
10	571
71	530
339	550
556	463
560	425
601	397
624	407
644	430
698	412
696	389
721	351
670	371
670	354
677	327
688	298
709	263
691	233
465	492
446	468
321	525
288	518
308	489
284	469
264	495
290	443
259	448
209	488
177	482
159	471
156	505
177	525
150	452
84	468
74	453
98	436
52	425
15	432
42	380
16	377
32	358
9	345
23	314
7	292
16	256
48	276
46	306
89	282
88	255
56	222
15	200
52	184
58	157
61	121
10	124
26	83
13	53
62	40
92	40
98	72
85	128
85	98
107	128
108	152
133	124
127	98
147	96
167	105
154	54
143	44
120	24
160	21
184	11
196	53
207	80
254	101
369	484
351	440
324	433
285	425
285	403
274	371
251	347
232	370
233	393
223	425
173	426
163	404
207	364
197	390
173	367
153	353
144	386
143	324
173	324
180	298
161	283
173	253
163	232
161	184
130	229
101	207
182	209
220	224
226	191
203	181
331	393
367	396
370	425
448	416
393	439
501	436
523	449
530	410
562	391
601	364
611	321
628	371
631	301
658	266
626	226
665	198
661	162
696	162
647	132
665	102
651	69
616	53
624	105
616	162
598	138
566	158
539	155
529	125
507	148
495	131
471	108
439	101
419	86
729	292
756	266
756	230
791	237
835	240
874	263
900	278
841	214
821	181
814	203
779	187
730	186
700	200
732	216
756	142
742	102
793	587
215	305
202	256
231	247
232	273
261	296
290	292
317	291
321	257
346	223
331	206
292	204
295	161
279	119
305	106
311	70
284	80
287	40
326	40
369	67
379	109
395	119
412	151
429	164
477	161
482	186
482	213
549	211
531	186
592	233
563	234
596	288
566	344
534	365
526	391
472	391
461	370
418	401
442	371
503	370
526	332
520	306
557	322
517	278
471	278
461	255
432	268
398	301
418	338
442	348
468	345
464	315
364	331
346	363
330	318
356	306
377	286
396	263
382	217
387	196
357	183
