347	350
200	554
173	569
164	607
96	634
87	664
170	700
150	742
203	685
194	742
239	682
227	721
224	595
272	563
287	536
335	542
296	503
308	724
293	688
275	652
332	763
294	613
39	766
263	778
215	811
144	793
326	814
267	827
257	861
257	898
304	930
265	965
88	898
125	914
125	954
119	988
141	1015
96	1025
56	978
35	1020
130	1134
164	1115
225	1091
260	1073
207	1002
172	980
355	978
328	840
347	1036
326	1054
286	1044
222	1028
299	986
151	1078
122	1062
101	1107
66	1089
283	1128
334	1118
310	1094
349	1084
103	1150
148	1200
178	1171
215	1155
230	1253
270	1248
302	1240
336	1237
331	1208
310	1187
275	1163
342	1155
315	1480
334	1515
347	1568
320	1597
307	1642
352	1650
262	1676
222	1647
193	1657
183	1694
220	1718
130	1745
151	1829
178	1821
193	1776
222	1811
230	1774
267	1753
283	1708
312	1745
98	1694
98	1882
146	1901
138	1858
270	1840
299	1861
275	1888
320	1827
344	1692
143	1935
98	1930
111	1967
114	2052
146	2004
167	2052
188	2033
170	1970
193	1993
162	2112
130	2118
170	2157
225	2155
207	2081
217	2057
230	2028
228	1985
299	1996
307	2028
289	1948
262	1977
302	2078
297	2139
262	2155
249	2234
312	2163
328	2197
347	2102
320	2258
386	275
431	212
485	257
479	317
509	302
455	356
521	353
578	305
479	200
518	155
623	131
632	182
599	224
560	239
653	215
689	236
695	278
692	86
647	89
686	485
689	443
698	413
521	410
476	431
533	449
599	497
503	646
368	733
482	724
445	689
429	724
421	753
458	756
511	740
614	679
379	637
537	695
548	761
717	748
646	525
664	560
696	515
701	547
635	607
696	618
717	647
431	777
421	893
463	811
487	848
482	779
643	774
569	785
540	859
392	957
376	824
503	890
484	930
543	909
545	816
619	861
590	917
630	935
638	883
648	914
683	864
685	819
717	880
693	904
675	949
630	965
590	957
490	996
529	980
495	1033
498	1099
550	1015
569	983
585	1009
587	1049
535	1049
426	1004
431	1033
402	1036
381	1060
371	1009
423	1097
379	1105
392	1136
521	1136
545	1115
556	1144
492	1060
627	1025
654	1044
662	1084
688	1012
691	1052
701	970
722	1012
638	1121
418	1166
423	1203
445	1187
458	1160
498	1158
667	1192
640	1237
529	1203
556	1221
617	1277
646	1311
696	1351
664	1382
603	1377
572	1422
527	1451
394	1253
386	1216
373	1176
529	1292
466	1282
585	1329
548	1353
622	1433
587	1467
537	1493
455	1507
498	1525
376	1456
410	1438
701	1210
500	1224
500	1279
617	1491
664	1464
543	1533
574	1565
564	1623
363	1599
389	1615
429	1602
410	1552
447	1546
471	1578
468	1644
447	1676
389	1774
392	1718
461	1718
508	1634
519	1697
521	1742
566	1718
595	1636
609	1665
603	1594
379	1819
598	1538
664	1536
630	1533
654	1586
667	1620
704	1560
714	1594
640	1642
540	1665
556	1758
458	1758
455	1787
426	1811
423	1853
484	1787
490	1821
455	1882
553	1848
627	1787
646	1811
624	1840
593	1906
558	1529
672	1679
677	1869
627	1903
714	1882
437	1917
402	1956
379	1932
445	1977
474	1919
373	2020
363	2197
384	2096
371	2065
423	2038
468	2020
484	1948
582	1948
648	1927
505	2025
519	2057
646	2012
648	1977
603	2054
490	2115
453	2133
416	2141
413	2197
468	2234
500	2223
728	293
728	218
761	230
806	251
761	158
743	122
800	134
854	122
830	161
815	188
866	164
842	221
896	272
908	221
923	191
935	254
962	224
827	89
878	89
977	80
929	71
977	137
1028	71
1073	101
1061	137
1079	176
1043	167
998	254
1049	242
726	251
1070	326
1040	278
1025	326
1037	362
1001	347
983	314
1085	206
866	368
911	374
872	296
878	332
782	341
1085	383
1064	452
726	494
1070	524
1028	542
986	545
950	533
890	401
863	416
968	434
956	407
971	386
1010	395
1001	437
959	467
947	497
893	446
890	485
845	485
818	476
737	395
788	395
824	419
782	437
740	491
731	518
736	597
770	597
783	523
796	563
836	552
884	549
802	658
937	618
968	618
958	684
926	705
947	764
1000	674
984	711
968	573
1000	481
1074	639
1032	658
1003	634
939	650
860	639
868	607
1032	729
1069	764
751	843
775	885
952	806
1037	816
886	864
910	893
942	864
950	898
746	967
791	917
786	962
791	996
818	951
860	970
836	983
831	1033
863	1057
876	1041
746	1107
751	1057
783	1057
826	1076
863	1110
818	1142
1000	1060
923	1139
818	1179
799	1208
762	1197
754	1152
833	1401
852	1456
992	1493
915	1512
950	1332
844	1205
773	1240
759	1300
725	1718
1056	1803
1050	1845
725	1898
945	1562
783	1668
773	1639
778	1705
741	1829
773	1771
733	1769
1074	1932
1032	1943
1005	2033
997	1996
1064	1975
1040	2020
1027	1980
1016	2086
1042	2062
1082	2165
979	2141
1045	2147
1005	2155
1145	50
1100	35
1130	80
1109	275
1097	305
1151	212
1160	161
1115	155
1214	89
1166	86
1292	206
1274	176
1229	167
1339	230
1348	281
1181	242
1220	218
1223	263
1253	311
1142	281
1151	317
1172	350
1190	299
1303	350
1348	341
1223	356
1348	395
1223	422
1295	539
1259	548
1187	512
1142	518
1133	554
1181	560
1094	425
1130	491
1100	524
1153	600
1201	594
1204	634
1243	610
1257	644
1286	687
1333	462
1304	414
1167	459
1177	414
1259	383
1399	430
1381	481
1368	549
1130	697
1146	663
1196	732
1156	756
1124	1078
1151	1033
1198	999
1180	925
1212	1039
1095	922
1336	1332
1185	1446
1093	1824
1114	1848
1143	1835
1212	1837
1251	1771
1246	1724
1235	1681
1209	1657
1124	1665
1175	1713
1212	1697
1259	1644
1344	1581
1280	1589
1302	1655
1384	1573
1415	1578
1286	1710
1331	1716
1280	1745
1315	1771
1225	1753
1365	1758
1394	1737
1354	1634
1384	1634
1413	1642
1431	1705
1439	1803
1407	1808
1384	1821
1349	1792
1339	1837
1309	1827
1270	1811
1265	1851
1167	1848
1204	1880
1143	1903
1272	1906
1309	1885
1349	1872
1434	1532
1426	1882
1153	1940
1132	1972
1095	2022
1108	2059
1143	2070
1135	2022
1164	1999
1214	1972
1233	2017
1201	2028
1209	2065
1241	2062
1243	2102
1230	2133
1201	2107
1164	2118
1140	2197
1209	2242
1246	2239
1241	2205
1246	2168
1339	1917
1325	1959
1280	1948
1272	1993
1317	1993
1352	2020
1368	1988
1405	1962
1439	1970
1405	1932
1336	2075
1286	2070
1360	2102
1347	2136
1397	2110
1444	2110
1423	2157
1442	2009
1405	2022
1307	2163
1312	2210
1278	2218
1299	2263
1360	2258
1354	2178
85	857
97	825
47	931
307	885
149	867
195	855
227	859
169	817
339	923
391	927
377	889
339	953
321	1017
197	1063
215	945
163	1021
531	1167
563	1189
621	1207
605	1131
681	1151
693	1097
581	1273
699	1805
565	1905
519	1889
537	1933
505	1963
529	2009
565	2009
573	2107
351	1991
337	1969
321	1943
199	1943
233	1943
243	1907
279	1597
291	1565
283	1497
389	1497
177	1735
367	2243
357	2271
401	2259
441	2215
425	2089
523	2141
517	2173
619	2027
721	1657
1121	2143
1065	2111
1393	2191
1207	1911
1091	1897
1073	1875
1185	1769
1151	1781
1127	1793
1091	1767
1139	1721
1313	1553
1357	1533
1357	1705
1377	1685
1309	2045
1281	2123
1067	685
1033	617
897	683
891	731
767	673
611	465
1285	623
1197	673
1167	643
1229	667
1349	509
1257	485
1269	449
1233	519
1211	463
1187	483
163	1625
149	1691
141	1715
229	1621
235	1539
409	1663
327	1883
167	1221
459	969
615	1083
513	1075
725	803
721	839
681	785
681	749
665	719
585	723
593	681
795	813
767	805
823	899
849	921
849	881
897	921
917	955
377	801
405	697
409	657
429	609
389	599
367	573
67	833
35	851
41	893
85	697
115	671
159	643
339	665
257	603
433	557
163	947
669	321
671	359
655	419
579	427
613	339
569	389
651	289
607	273
931	125
939	153
957	183
1025	205
1019	143
1101	127
933	341
947	297
939	383
919	413
833	355
815	325
835	307
839	259
861	239
863	189
895	127
853	61
813	51
777	55
719	95
691	585
529	531
475	501
469	475
443	459
415	397
425	363
377	333
413	311
457	247
693	197
721	185
661	139
703	381
705	331
745	451
619	433
1061	563
1031	585
1069	603
1097	587
1091	485
1139	429
1133	359
1085	247
1291	269
1297	319
539	321
495	373
1113	785
1291	587
1335	587
1323	633
1059	413
849	587
1125	1011
1175	1031
1191	1073
