41	33
47	70
26	121
47	144
19	195
92	216
31	246
14	300
80	21
89	48
119	49
154	216
85	255
124	226
140	250
118	280
154	297
190	294
197	276
200	235
226	292
256	289
80	304
29	322
11	357
59	355
92	382
130	354
148	318
247	312
281	318
206	322
202	378
79	418
8	302
97	477
142	412
251	366
245	403
307	369
335	331
326	418
281	411
265	450
211	456
161	510
128	514
139	547
182	565
214	541
236	576
268	561
301	501
328	516
337	561
158	625
158	651
158	675
175	685
199	684
253	624
326	631
308	648
292	628
340	670
290	745
278	717
230	648
227	754
265	804
271	840
316	768
355	762
316	900
345	916
361	412
403	411
395	388
387	435
403	462
379	525
369	592
422	562
392	550
425	501
465	469
502	444
474	391
496	411
519	477
546	460
471	508
523	531
517	558
573	525
598	532
600	463
550	430
525	415
669	489
652	502
637	549
612	492
708	535
682	517
675	547
669	570
360	630
375	643
394	613
436	607
454	624
465	655
389	684
418	681
410	648
362	714
384	736
407	741
427	720
471	730
431	772
366	799
362	841
454	892
430	822
403	835
513	688
538	681
556	666
541	643
516	628
552	621
673	619
645	639
607	634
577	642
610	672
640	685
639	712
604	724
574	756
576	789
616	759
702	702
717	661
672	661
670	693
544	874
570	844
597	876
567	903
618	846
628	820
697	738
699	810
621	891
700	877
366	940
389	954
407	966
430	957
388	1018
460	939
481	963
440	1006
495	993
465	1045
471	1089
522	927
543	972
505	1024
538	1033
522	1056
529	1083
504	1116
520	1132
531	1150
580	1198
609	1128
627	1090
631	1039
582	1015
592	969
628	948
664	912
697	931
640	988
667	1009
678	1050
688	1090
670	1113
658	1183
628	1173
715	1113
694	1168
739	592
766	600
877	568
913	549
936	522
978	525
1014	501
1056	525
1042	555
1033	583
1071	585
723	793
733	877
835	856
856	817
865	852
892	853
891	880
924	868
934	828
894	817
850	766
825	745
808	792
810	846
783	793
756	826
744	774
765	736
799	736
802	687
781	691
756	679
777	634
822	652
844	610
1063	619
949	619
913	679
867	678
886	690
867	720
918	708
945	724
931	765
943	796
972	783
993	747
993	708
972	664
987	642
1026	660
1042	696
1074	657
1018	784
1056	795
1062	756
1008	859
1003	894
1051	835
1074	870
751	910
774	948
721	987
742	1131
768	1140
777	1180
816	1176
724	1065
747	1066
741	1026
768	1015
783	1081
804	1042
834	1027
841	1063
858	1104
853	1149
832	1144
877	1165
892	1189
939	1132
894	1087
921	1075
945	1062
910	1047
882	1060
870	1030
876	999
897	984
916	997
936	973
814	966
828	918
840	948
949	906
978	921
1024	918
1054	915
1005	951
996	970
1027	993
988	1005
967	1042
1014	1056
1036	1092
1053	1125
973	1105
960	1146
967	1176
997	1179
1038	1176
1084	526
1102	508
1104	559
1153	573
1132	595
1206	585
1170	489
1272	544
1278	571
1230	579
1321	487
1380	463
1408	469
1351	486
1374	502
1396	532
1314	520
1426	543
1392	577
1411	601
1092	730
1087	802
1096	844
1102	609
1138	630
1228	612
1186	648
1171	666
1143	667
1129	691
1135	762
1105	774
1149	798
1185	724
1195	687
1234	642
1233	673
1261	670
1375	642
1347	640
1399	639
1311	636
1276	729
1231	717
1171	763
1234	769
1240	793
1201	817
1263	814
1272	849
1260	877
1234	877
1203	864
1146	871
1126	886
1179	900
1300	768
1284	799
1318	720
1329	609
1363	795
1366	745
1386	768
1410	732
1079	736
1416	816
1434	832
1399	859
1374	849
1363	870
1345	894
1381	888
1080	1173
1101	1128
1110	1101
1099	1042
1113	1020
1080	969
1153	919
1191	921
1186	948
1174	985
1207	978
1207	1053
1159	1051
1182	1090
1174	1156
1120	1156
1119	1177
1233	1194
1218	1161
1212	1137
1243	1134
1281	1174
1288	1113
1269	1078
1233	1072
1239	1042
1312	907
1368	918
1392	916
1428	907
1390	973
1321	960
1273	990
1281	1048
1303	1066
1308	1009
1335	1002
1348	1038
1368	1023
1405	1038
1419	993
1390	1065
1414	1111
1078	1113
1392	1149
1321	1105
1314	1162
1368	1179
1417	1198
1728	253
1734	288
1773	297
1539	588
1464	514
1498	432
1546	480
1564	556
1591	598
1623	588
1645	583
1617	483
1656	510
1651	544
1636	364
1641	340
1666	312
1723	337
1767	349
1656	403
1671	432
1713	451
1734	436
1788	451
1758	459
1743	532
1777	507
1443	892
1503	837
1515	814
1527	778
1533	757
1537	856
1585	877
1578	603
1624	889
1561	793
1581	786
1606	769
1611	735
1578	724
1560	690
1527	684
1527	655
1525	627
1600	628
1642	628
1680	666
1665	685
1639	700
1620	672
1680	709
1611	799
1587	822
1563	829
1536	831
1612	841
1638	832
1774	631
1671	636
1746	642
1758	678
1731	687
1786	669
1774	717
1725	738
1696	760
1693	798
1689	832
1737	805
1765	840
1791	835
1776	889
1725	858
1680	865
1681	898
1776	808
1441	966
1458	991
1515	1027
1554	985
1521	987
1504	949
1570	943
1459	1075
1470	1105
1476	1051
1494	1054
1515	1077
1527	1057
1491	1149
1468	1168
1516	1125
1573	1066
1585	1018
1600	1023
1617	1009
1632	907
1663	931
1645	958
1623	948
1680	1005
1653	1030
1651	1065
1686	1086
1701	1096
1729	1092
1704	1116
1710	1146
1737	1126
1774	1125
1737	1161
1747	1050
1767	1077
1780	1050
1765	942
1785	927
1744	958
1737	990
1776	966
1791	1015
1768	1021
1786	1189
1759	1185
1816	300
1914	291
1938	261
1933	226
1836	244
1965	231
1969	265
2032	216
2098	247
2061	249
2061	280
1975	301
1821	370
1849	327
1897	321
2088	336
2125	363
2146	345
2007	337
1972	345
1903	361
1878	385
1921	399
1872	415
1806	412
1902	480
1822	501
1842	528
1897	511
1956	438
2016	378
2050	366
2080	378
2124	394
2094	418
2121	415
2109	463
2071	453
2046	442
2023	433
1993	444
1978	471
2007	460
2014	487
1803	580
1803	546
1879	592
1914	576
1915	601
1950	496
1941	540
1963	549
1974	525
2010	523
2059	516
2073	493
2136	498
2115	520
2130	538
2118	561
2106	579
2005	588
2034	597
2052	555
1954	577
1809	622
1819	661
1852	652
1978	643
2007	651
2029	645
2071	612
2076	640
1905	637
1932	672
1902	693
1863	693
1843	718
1815	723
1834	801
1849	747
1860	793
1894	724
1878	742
1900	771
1927	763
1959	768
1963	744
1953	694
1977	678
1980	712
1996	687
2019	691
2041	708
2104	663
2122	673
2100	690
2073	693
2092	723
2121	729
2062	759
2008	739
2010	769
1978	789
2146	744
2079	772
2106	795
2073	799
2029	801
2005	805
1984	835
1867	867
1839	859
1807	889
1851	894
1977	603
1959	891
1981	871
1962	835
1942	855
1923	847
1903	859
2029	835
2007	840
2049	826
2071	843
2086	823
2128	810
2113	844
2136	853
2097	858
2028	873
2008	882
2085	891
2130	891
1800	1066
1848	1096
1827	1125
1806	973
1819	1002
1843	993
1866	963
1845	951
1842	921
1887	912
1905	987
1953	973
1960	1005
1987	942
2026	913
2056	907
2100	915
2100	940
2122	951
2094	961
2088	994
2113	988
2020	961
2023	993
1984	1033
1995	1062
2019	1063
1905	1053
1902	1078
1915	1098
1941	1075
1944	1102
1971	1104
1974	1080
2002	1102
2086	1035
2119	1026
2071	1060
2089	1078
2008	1152
1986	1134
1954	1140
1921	1138
1854	1155
1831	1167
1875	1174
1927	1188
1950	1192
1993	1195
2034	1188
2062	1152
2113	1125
2091	1138
2094	1176
2070	1180
2136	1188
2130	1071
2056	954
2050	1104
2071	1119
2026	1123
249	519
273	536
214	713
302	850
498	602
702	598
1654	994
1582	903
1442	732
