1383	1988
1408	1962
1432	1940
1466	1914
1438	1875
1425	1902
1382	1896
1379	1859
1407	1863
1327	1888
1302	1896
1270	1879
1327	1848
1250	1895
1220	1889
1195	1909
1213	1930
1196	1961
1145	1959
1123	1988
1293	1784
1304	1693
1277	1684
1282	1657
1291	1634
1304	1605
1309	1570
1327	1570
1313	1748
1318	1734
1257	1779
1347	1704
1398	1711
1420	1737
1450	1707
1450	1677
1473	1670
1486	1648
1472	1632
1481	1616
1411	1652
1411	1616
1388	1612
1366	1589
1359	1570
1391	1573
1422	1564
1248	1625
1477	1398
1516	1432
1504	1400
1484	1359
1468	1337
1484	1269
1491	1243
1498	1202
918	1793
952	1798
932	1768
968	1770
984	1736
973	1711
995	1671
1039	1657
1046	1627
1079	1673
1068	1612
1046	1561
1061	1541
1079	1514
1098	1502
1113	1473
1116	1441
1127	1416
1146	1534
1146	1416
1163	1380
1191	1369
1255	1398
1275	1357
1245	1330
1275	1282
882	1784
1305	1180
1305	1150
1298	1109
1341	1085
1366	1071
1338	1032
1250	1103
1211	1121
1370	1014
1425	957
1347	932
1318	918
1400	914
1429	848
1334	803
1345	775
1347	744
1364	717
1370	664
1311	594
1300	569
1272	596
1261	505
1293	512
1329	526
1227	496
1255	471
1207	451
1205	423
1177	410
1145	407
1170	366
1134	362
1166	323
1155	285
1113	307
1105	283
1084	271
1059	248
1054	285
1027	287
1005	312
986	333
971	301
1011	267
1023	230
950	239
929	237
887	226
909	257
875	165
852	182
836	153
789	160
761	178
48	119
30	151
9	176
41	208
21	232
14	110
1061	192
1136	223
937	135
736	194
720	174
675	230
675	187
639	239
530	253
539	187
493	201
478	210
482	237
459	237
430	232
502	273
480	283
457	305
423	323
435	349
389	308
353	317
343	271
303	285
330	326
364	369
366	391
314	394
302	442
239	462
232	441
248	405
262	494
298	516
291	544
266	564
273	600
296	578
260	632
289	655
310	598
214	557
260	723
246	691
282	742
293	773
339	850
321	814
276	821
246	828
205	732
200	691
223	851
214	882
260	891
282	921
157	925
239	969
219	944
207	968
200	1002
262	957
257	994
248	1010
246	1028
230	1053
112	1125
73	1223
48	1193
60	1125
39	1277
84	1287
57	1430
89	1434
26	1432
100	1570
85	1527
173	1191
144	1236
385	1078
355	1028
350	1002
312	980
309	1010
312	1041
280	1021
309	1066
316	1096
327	1164
244	1084
221	1089
235	1128
218	1144
207	1162
273	1059
282	1075
287	1093
275	1110
268	1128
285	1135
116	1234
96	1980
94	1950
110	1925
123	1948
21	1984
148	1786
164	1805
198	1845
200	1818
200	1907
116	1600
155	1575
135	1559
187	1673
200	1648
191	1625
109	1711
205	1779
194	1759
226	1764
253	1755
287	1766
312	1768
335	1775
334	1798
298	1813
268	1823
246	1804
264	1855
293	1884
316	1918
330	1871
350	1884
350	1839
323	1830
364	1821
377	1946
369	1909
412	1905
394	1895
444	1829
405	1820
407	1763
373	1745
346	1739
439	1791
430	1896
532	1893
512	1857
544	1861
600	1852
609	1811
618	1827
643	1814
696	1805
684	1886
611	1896
748	1820
718	1827
727	1773
757	1786
766	1820
803	1811
828	1798
848	1784
275	1730
175	1441
162	1418
241	1196
226	1209
259	1216
230	1234
291	1194
266	1185
318	1225
364	1184
357	1228
589	1802
548	1823
714	419
600	457
593	487
575	469
662	423
659	389
187	857
309	1364
282	1246
337	1261
225	1362
203	1325
235	1341
268	1330
219	1307
562	535
625	462
621	503
659	478
668	448
757	473
771	491
782	521
732	503
695	494
705	525
653	512
653	530
650	558
616	589
591	578
552	562
552	605
566	644
568	698
512	666
487	766
516	751
541	775
530	837
502	832
509	907
502	968
503	1007
536	1048
559	1060
584	971
557	976
602	937
600	898
621	868
600	851
596	821
566	821
589	769
618	741
628	701
643	646
671	716
527	701
764	635
789	617
793	576
773	558
721	660
850	617
796	644
723	621
703	607
727	600
748	589
795	489
866	594
845	569
837	542
821	487
661	782
625	812
655	844
702	787
700	757
632	932
589	1019
652	964
675	944
702	909
671	907
702	875
775	819
730	850
712	726
761	701
802	696
850	703
787	742
778	775
880	712
880	635
891	669
898	746
921	728
918	676
923	782
895	780
855	801
832	769
902	821
886	860
855	864
834	893
837	923
879	916
736	916
716	946
668	1009
698	1057
675	1064
652	1080
703	1087
661	1112
614	1050
753	944
768	905
782	882
798	964
836	957
873	982
900	964
912	912
916	889
930	864
968	894
930	839
532	1109
586	1100
475	1093
464	1121
486	1159
498	1182
525	1200
589	1209
594	1173
619	1236
596	1244
648	1236
695	1194
723	1191
725	1144
802	1171
830	1203
880	1194
911	1228
900	1261
807	996
757	1064
814	1082
852	1060
682	1237
705	1232
734	1236
746	1214
778	1221
748	1307
734	1336
730	1375
752	1402
805	1446
798	1421
811	1395
805	1377
886	1352
871	1325
843	1302
839	1334
775	1334
891	1416
866	1445
712	1427
553	1355
548	1328
668	1289
630	1321
648	1355
627	1396
612	1428
696	1373
670	1452
707	1505
882	1378
923	1373
961	1184
929	1152
936	1128
925	1025
945	944
550	1253
432	1121
166	1473
144	1489
196	1480
366	1602
341	1593
355	1582
578	1294
628	1300
700	1135
727	1468
821	1487
627	1584
662	1503
641	1484
619	1462
527	1384
512	1336
498	1246
459	1219
403	1225
398	1261
380	1230
303	1586
307	1561
296	1652
275	1664
237	1687
276	1795
323	1511
335	1398
362	1396
307	1455
284	1434
318	1643
264	1711
218	1675
234	1661
250	1648
266	1643
276	1629
294	1605
282	1584
282	1561
293	1536
285	1505
778	1085
782	1016
852	1107
773	1141
759	1166
736	993
818	828
487	1537
687	1689
941	1035
930	1068
962	1060
975	982
991	998
1016	955
1023	982
1023	1016
964	1132
986	1160
961	1225
945	739
989	823
964	846
971	1250
945	1252
787	1561
627	1516
612	1498
589	1452
564	1455
530	1439
498	1421
505	1373
527	1564
584	1516
682	1639
753	1602
564	1616
550	1600
489	1520
716	1564
661	612
896	1023
253	1402
228	1400
702	1294
723	1287
745	1278
827	1228
823	1252
855	1230
809	1277
741	1587
848	646
887	542
852	510
889	516
907	607
930	637
929	660
353	1116
364	1150
389	1135
384	1162
327	719
882	1146
832	1377
848	1403
741	1625
941	580
209	1579
219	1545
253	1521
262	1496
251	1575
257	1621
234	1621
